  alpha     CL        CD       CDp       Cm    Top Xtr Bot Xtr   Cpmin    Chinge    XCp    
 ------- -------- --------- --------- -------- ------- ------- -------- --------- ---------
  -5.000  -0.1532   0.00773   0.00233  -0.0853  0.8139  0.0423  -2.4092   0.0000  -0.3234
  -4.500  -0.0993   0.00751   0.00208  -0.0848  0.7976  0.0492  -2.1166   0.0000  -0.6260
  -4.000  -0.0455   0.00732   0.00187  -0.0842  0.7805  0.0598  -1.8563   0.0000  -1.6424
  -3.500   0.0084   0.00712   0.00167  -0.0837  0.7620  0.0704  -1.6087   0.0000  10.4085
  -3.000   0.0622   0.00699   0.00150  -0.0832  0.7427  0.0823  -1.3718   0.0000   1.6067
  -2.500   0.1159   0.00685   0.00135  -0.0826  0.7233  0.0987  -1.1686   0.0000   0.9711
  -2.000   0.1699   0.00672   0.00124  -0.0821  0.7048  0.1199  -0.9735   0.0000   0.7371
  -1.500   0.2235   0.00659   0.00114  -0.0816  0.6870  0.1514  -0.8048   0.0000   0.6166
  -1.000   0.2771   0.00640   0.00107  -0.0811  0.6689  0.2034  -0.6477   0.0000   0.5428
  -0.500   0.3298   0.00622   0.00104  -0.0804  0.6501  0.2752  -0.6477   0.0000   0.4931
   0.000   0.3824   0.00599   0.00103  -0.0798  0.6304  0.3690  -0.7091   0.0000   0.4571
   0.500   0.4318   0.00559   0.00106  -0.0787  0.6093  0.5504  -0.7727   0.0000   0.4299
   1.000   0.4785   0.00511   0.00114  -0.0768  0.5868  0.7642  -0.8373   0.0000   0.4076
   1.500   0.5246   0.00491   0.00130  -0.0743  0.5608  0.9170  -0.9048   0.0000   0.3883
   2.000   0.5972   0.00519   0.00150  -0.0778  0.5271  0.9653  -0.9933   0.0000   0.3765
   2.500   0.6731   0.00556   0.00167  -0.0823  0.4863  0.9826  -1.0899   0.0000   0.3681
   3.000   0.7415   0.00602   0.00189  -0.0853  0.4342  0.9920  -1.1838   0.0000   0.3603
   3.500   0.8101   0.00651   0.00216  -0.0883  0.3848  0.9970  -1.2795   0.0000   0.3539
   4.000   0.8831   0.00707   0.00247  -0.0923  0.3371  0.9999  -1.3866   0.0000   0.3489
   4.500   0.9235   0.00745   0.00272  -0.0893  0.3054  1.0000  -1.4656   0.0000   0.3406
   5.000   0.9630   0.00781   0.00298  -0.0861  0.2794  1.0000  -1.5499   0.0000   0.3327
   5.500   1.0028   0.00822   0.00328  -0.0830  0.2565  1.0000  -1.6366   0.0000   0.3255
   6.000   1.0436   0.00864   0.00363  -0.0801  0.2360  1.0000  -1.7304   0.0000   0.3189
   6.500   1.0848   0.00904   0.00398  -0.0773  0.2195  1.0000  -2.0130   0.0000   0.3128
   7.000   1.1246   0.00948   0.00436  -0.0743  0.2014  1.0000  -2.3993   0.0000   0.3070
   7.500   1.1591   0.01009   0.00483  -0.0703  0.1751  1.0000  -2.7867   0.0000   0.3010
   8.000   1.1886   0.01065   0.00530  -0.0653  0.1531  1.0000  -3.1740   0.0000   0.2946
   8.500   1.2122   0.01120   0.00578  -0.0591  0.1356  1.0000  -3.5939   0.0000   0.2878
   9.000   1.2367   0.01194   0.00642  -0.0535  0.1121  1.0000  -4.0377   0.0000   0.2817
   9.500   1.2507   0.01321   0.00747  -0.0465  0.0749  1.0000  -4.4346   0.0000   0.2749
  10.000   1.2591   0.01495   0.00897  -0.0391  0.0344  1.0000  -4.8054   0.0000   0.2681
  10.500   1.2755   0.01649   0.01042  -0.0335  0.0146  1.0000  -5.2347   0.0000   0.2625
  11.000   1.2984   0.01781   0.01174  -0.0291  0.0085  1.0000  -5.7195   0.0000   0.2579
  11.500   1.3219   0.01917   0.01316  -0.0252  0.0060  1.0000  -6.2188   0.0000   0.2537
  12.000   1.3418   0.02083   0.01489  -0.0211  0.0043  1.0000  -6.6907   0.0000   0.2496
  12.500   1.3638   0.02244   0.01659  -0.0176  0.0037  1.0000  -7.2077   0.0000   0.2460
  13.000   1.3821   0.02441   0.01864  -0.0142  0.0032  1.0000  -7.7066   0.0000   0.2424
  13.500   1.3925   0.02705   0.02142  -0.0104  0.0026  1.0000  -8.1190   0.0000   0.2387
  14.000   1.4015   0.03002   0.02455  -0.0072  0.0024  1.0000  -8.5327   0.0000   0.2354
  14.500   1.4146   0.03281   0.02745  -0.0048  0.0023  1.0000  -9.0237   0.0000   0.2327
  15.000   1.4239   0.03612   0.03088  -0.0027  0.0021  1.0000  -9.4783   0.0000   0.2301
  15.500   1.4289   0.04006   0.03495  -0.0009  0.0019  1.0000  -9.8906   0.0000   0.2278
  16.000   1.4297   0.04465   0.03970   0.0004  0.0017  1.0000  -10.2646   0.0000   0.2258
  16.500   1.4257   0.05012   0.04533   0.0010  0.0016  1.0000  -10.5923   0.0000   0.2242
  17.000   1.4157   0.05663   0.05201   0.0009  0.0015  1.0000  -10.8506   0.0000   0.2231
  17.500   1.3992   0.06441   0.05999  -0.0001  0.0015  1.0000  -11.0278   0.0000   0.2227
  18.000   1.3760   0.07356   0.06936  -0.0021  0.0014  1.0000  -11.1166   0.0000   0.2229
  18.500   1.3474   0.08399   0.08001  -0.0051  0.0014  1.0000  -11.1227   0.0000   0.2240
  19.000   1.3154   0.09533   0.09158  -0.0090  0.0014  1.0000  -11.0632   0.0000   0.2259
  19.500   1.2827   0.10706   0.10352  -0.0135  0.0014  1.0000  -10.9613   0.0000   0.2285
  20.000   1.2522   0.11866   0.11532  -0.0185  0.0014  1.0000  -10.8429   0.0000   0.2317


