  alpha     CL        CD       CDp       Cm    Top Xtr Bot Xtr   Cpmin    Chinge    XCp    
 ------- -------- --------- --------- -------- ------- ------- -------- --------- ---------
  -5.000  -0.5391   0.00769   0.00261  -0.0054  0.9760  0.1254  -1.8940   0.0000   0.2337
  -4.500  -0.4839   0.00718   0.00227  -0.0053  0.9617  0.1644  -1.6430   0.0000   0.2331
  -4.000  -0.4314   0.00673   0.00197  -0.0044  0.9426  0.2092  -1.4272   0.0000   0.2340
  -3.500  -0.3792   0.00633   0.00171  -0.0035  0.9180  0.2579  -1.2306   0.0000   0.2353
  -3.000  -0.3262   0.00600   0.00150  -0.0027  0.8882  0.3091  -1.0539   0.0000   0.2364
  -2.000  -0.2186   0.00553   0.00117  -0.0016  0.8135  0.4147  -0.7654   0.0000   0.2380
  -1.500  -0.1643   0.00538   0.00106  -0.0011  0.7689  0.4676  -0.6522   0.0000   0.2386
  -1.000  -0.1097   0.00529   0.00099  -0.0007  0.7220  0.5196  -0.5577   0.0000   0.2392
  -0.500  -0.0548   0.00524   0.00094  -0.0003  0.6724  0.5709  -0.4796   0.0000   0.2392
   0.000   0.0000   0.00521   0.00093  -0.0000  0.6226  0.6226  -0.4138   0.0000   0.4578
   0.500   0.0548   0.00524   0.00094   0.0003  0.5709  0.6724  -0.4796   0.0000   0.2392
   1.000   0.1097   0.00529   0.00099   0.0007  0.5196  0.7220  -0.5577   0.0000   0.2392
   1.500   0.1643   0.00538   0.00106   0.0011  0.4676  0.7689  -0.6522   0.0000   0.2386
   2.000   0.2186   0.00553   0.00117   0.0016  0.4147  0.8135  -0.7654   0.0000   0.2380
   2.500   0.2727   0.00574   0.00132   0.0021  0.3616  0.8533  -0.8994   0.0000   0.2374
   3.000   0.3262   0.00600   0.00150   0.0027  0.3091  0.8882  -1.0540   0.0000   0.2364
   3.500   0.3792   0.00633   0.00171   0.0035  0.2579  0.9180  -1.2306   0.0000   0.2354
   4.000   0.4314   0.00673   0.00197   0.0044  0.2092  0.9426  -1.4273   0.0000   0.2340
   4.500   0.4839   0.00718   0.00227   0.0053  0.1644  0.9617  -1.6430   0.0000   0.2331
   5.000   0.5391   0.00769   0.00261   0.0054  0.1254  0.9761  -1.8940   0.0000   0.2337
   5.500   0.6004   0.00820   0.00297   0.0042  0.0964  0.9848  -2.1758   0.0000   0.2365
   6.000   0.6651   0.00876   0.00340   0.0020  0.0724  0.9900  -2.4956   0.0000   0.2400
   6.500   0.7332   0.00929   0.00384  -0.0008  0.0571  0.9929  -2.8585   0.0000   0.2439
   7.000   0.7989   0.00984   0.00432  -0.0032  0.0456  0.9963  -3.2306   0.0000   0.2463
   7.500   0.8662   0.01039   0.00482  -0.0060  0.0381  0.9985  -3.6250   0.0000   0.2487
   8.000   0.9242   0.01098   0.00539  -0.0068  0.0324  1.0000  -4.0435   0.0000   0.2487
   8.500   0.9666   0.01146   0.00587  -0.0042  0.0293  1.0000  -4.4214   0.0000   0.2451
   9.000   1.0086   0.01206   0.00649  -0.0016  0.0260  1.0000  -4.8062   0.0000   0.2418
   9.500   1.0524   0.01262   0.00707   0.0006  0.0240  1.0000  -5.2139   0.0000   0.2390
  10.000   1.0940   0.01349   0.00796   0.0031  0.0211  1.0000  -5.6124   0.0000   0.2361
  10.500   1.1400   0.01408   0.00860   0.0047  0.0202  1.0000  -6.0552   0.0000   0.2342
  11.000   1.1856   0.01480   0.00938   0.0062  0.0189  1.0000  -6.5060   0.0000   0.2323
  11.500   1.2290   0.01577   0.01038   0.0080  0.0172  1.0000  -6.9994   0.0000   0.2304
  12.000   1.2701   0.01691   0.01163   0.0099  0.0160  1.0000  -7.4892   0.0000   0.2283
  12.500   1.3138   0.01774   0.01252   0.0115  0.0154  1.0000  -8.0223   0.0000   0.2266
  13.000   1.3542   0.01877   0.01363   0.0134  0.0147  1.0000  -8.5463   0.0000   0.2247
  13.500   1.3913   0.01993   0.01487   0.0156  0.0139  1.0000  -9.0644   0.0000   0.2225
  14.000   1.4209   0.02133   0.01635   0.0189  0.0132  1.0000  -9.5432   0.0000   0.2196
  14.500   1.4334   0.02355   0.01876   0.0239  0.0123  1.0000  -9.9014   0.0000   0.2153
  15.000   1.4442   0.02619   0.02159   0.0278  0.0119  1.0000  -10.2520   0.0000   0.2118
  15.500   1.4638   0.02852   0.02406   0.0299  0.0118  1.0000  -10.6830   0.0000   0.2096
  16.000   1.4778   0.03166   0.02735   0.0313  0.0115  1.0000  -11.0717   0.0000   0.2079
  16.500   1.4853   0.03593   0.03179   0.0315  0.0113  1.0000  -11.4046   0.0000   0.2067
  17.000   1.4850   0.04173   0.03780   0.0302  0.0111  1.0000  -11.6636   0.0000   0.2064
  17.500   1.4736   0.04961   0.04589   0.0271  0.0109  1.0000  -11.8145   0.0000   0.2071
  18.000   1.4476   0.06021   0.05675   0.0220  0.0107  1.0000  -11.8125   0.0000   0.2090
  18.500   1.4021   0.07438   0.07120   0.0149  0.0107  1.0000  -11.5958   0.0000   0.2123
  19.000   1.3370   0.09240   0.08952   0.0057  0.0107  1.0000  -11.1376   0.0000   0.2174
  19.500   1.2633   0.11271   0.11014  -0.0048  0.0108  1.0000  -10.5179   0.0000   0.2243
  20.000   1.1969   0.13277   0.13044  -0.0154  0.0108  1.0000  -9.8882   0.0000   0.2325


