  alpha     CL        CD       CDp       Cm    Top Xtr Bot Xtr   Cpmin    Chinge    XCp    
 ------- -------- --------- --------- -------- ------- ------- -------- --------- ---------
  -5.000  -0.1589   0.00696   0.00189  -0.0840  0.7786  0.0356  -2.4355   0.0000  -0.2947
  -4.500  -0.1045   0.00678   0.00168  -0.0836  0.7601  0.0414  -2.1380   0.0000  -0.5713
  -4.000  -0.0501   0.00663   0.00150  -0.0832  0.7408  0.0480  -1.8756   0.0000  -1.4497
  -3.500   0.0043   0.00649   0.00134  -0.0828  0.7212  0.0587  -1.6238   0.0000  20.0666
  -3.000   0.0588   0.00635   0.00121  -0.0824  0.7022  0.0722  -1.3834   0.0000   1.6736
  -2.500   0.1136   0.00624   0.00109  -0.0821  0.6843  0.0854  -1.1755   0.0000   0.9808
  -1.500   0.2231   0.00604   0.00092  -0.0814  0.6474  0.1246  -0.8066   0.0000   0.6166
  -1.000   0.2776   0.00594   0.00087  -0.0811  0.6275  0.1582  -0.6475   0.0000   0.5423
  -0.500   0.3315   0.00583   0.00084  -0.0807  0.6068  0.2082  -0.6488   0.0000   0.4925
   0.000   0.3849   0.00572   0.00084  -0.0802  0.5834  0.2742  -0.7109   0.0000   0.4567
   0.500   0.4378   0.00560   0.00087  -0.0796  0.5597  0.3573  -0.7770   0.0000   0.4296
   1.000   0.4884   0.00538   0.00093  -0.0787  0.5296  0.5044  -0.8449   0.0000   0.4083
   1.500   0.5368   0.00509   0.00103  -0.0773  0.4984  0.6986  -0.9139   0.0000   0.3907
   2.000   0.5824   0.00493   0.00118  -0.0751  0.4619  0.8547  -0.9819   0.0000   0.3751
   2.500   0.6339   0.00513   0.00144  -0.0740  0.4156  0.9566  -1.0583   0.0000   0.3625
   3.000   0.7088   0.00557   0.00168  -0.0784  0.3695  0.9818  -1.1569   0.0000   0.3560
   3.500   0.7746   0.00597   0.00191  -0.0808  0.3305  0.9913  -1.2496   0.0000   0.3492
   4.000   0.8401   0.00639   0.00215  -0.0832  0.2958  0.9959  -1.3480   0.0000   0.3434
   4.500   0.9109   0.00681   0.00243  -0.0867  0.2664  0.9986  -1.4547   0.0000   0.3390
   5.000   0.9774   0.00719   0.00269  -0.0893  0.2430  0.9999  -1.5653   0.0000   0.3347
   5.500   1.0199   0.00755   0.00295  -0.0868  0.2220  1.0000  -1.6560   0.0000   0.3278
   6.000   1.0606   0.00792   0.00324  -0.0838  0.2028  1.0000  -1.7503   0.0000   0.3212
   6.500   1.1025   0.00832   0.00356  -0.0811  0.1839  1.0000  -2.0795   0.0000   0.3151
   7.000   1.1422   0.00883   0.00395  -0.0781  0.1609  1.0000  -2.4700   0.0000   0.3093
   7.500   1.1805   0.00938   0.00439  -0.0749  0.1378  1.0000  -2.8772   0.0000   0.3037
   8.000   1.2153   0.01001   0.00490  -0.0710  0.1144  1.0000  -3.3405   0.0000   0.2981
   8.500   1.2328   0.01087   0.00558  -0.0637  0.0827  1.0000  -3.7365   0.0000   0.2907
   9.000   1.2448   0.01202   0.00652  -0.0557  0.0456  1.0000  -4.1141   0.0000   0.2831
   9.500   1.2606   0.01324   0.00760  -0.0488  0.0196  1.0000  -4.5253   0.0000   0.2764
  10.000   1.2850   0.01424   0.00856  -0.0438  0.0100  1.0000  -5.0055   0.0000   0.2711
  10.500   1.3128   0.01513   0.00946  -0.0396  0.0066  1.0000  -5.5255   0.0000   0.2664
  11.000   1.3397   0.01613   0.01048  -0.0355  0.0045  1.0000  -6.0563   0.0000   0.2620
  11.500   1.3672   0.01716   0.01155  -0.0317  0.0037  1.0000  -6.6129   0.0000   0.2579
  12.000   1.3891   0.01856   0.01301  -0.0275  0.0024  1.0000  -7.1193   0.0000   0.2537
  12.500   1.4142   0.01982   0.01433  -0.0240  0.0023  1.0000  -7.6974   0.0000   0.2500
  13.000   1.4371   0.02130   0.01587  -0.0206  0.0021  1.0000  -8.2703   0.0000   0.2464
  13.500   1.4572   0.02304   0.01768  -0.0171  0.0018  1.0000  -8.8324   0.0000   0.2430
  14.000   1.4732   0.02514   0.01985  -0.0137  0.0015  1.0000  -9.3609   0.0000   0.2396
  14.500   1.4777   0.02827   0.02315  -0.0098  0.0011  1.0000  -9.6862   0.0000   0.2359
  15.000   1.4905   0.03097   0.02595  -0.0071  0.0010  1.0000  -10.2133   0.0000   0.2330
  15.500   1.4993   0.03415   0.02925  -0.0047  0.0010  1.0000  -10.7052   0.0000   0.2303
  16.000   1.5044   0.03792   0.03314  -0.0026  0.0010  1.0000  -11.1601   0.0000   0.2279
  16.500   1.5050   0.04236   0.03773  -0.0010  0.0009  1.0000  -11.5692   0.0000   0.2257
  17.000   1.5011   0.04760   0.04313  -0.0001  0.0009  1.0000  -11.9312   0.0000   0.2239
  17.500   1.4924   0.05371   0.04940   0.0002  0.0009  1.0000  -12.2371   0.0000   0.2226
  18.000   1.4780   0.06096   0.05683  -0.0004  0.0009  1.0000  -12.4725   0.0000   0.2217
  18.500   1.4577   0.06941   0.06548  -0.0019  0.0009  1.0000  -12.6280   0.0000   0.2215
  19.000   1.4314   0.07920   0.07547  -0.0045  0.0009  1.0000  -12.6945   0.0000   0.2221
  19.500   1.3995   0.09026   0.08675  -0.0081  0.0009  1.0000  -12.6669   0.0000   0.2235
  20.000   1.3641   0.10222   0.09892  -0.0126  0.0009  1.0000  -12.5595   0.0000   0.2258


