  alpha     CL        CD       CDp       Cm    Top Xtr Bot Xtr   Cpmin    Chinge    XCp    
 ------- -------- --------- --------- -------- ------- ------- -------- --------- ---------
  -5.000  -0.5464   0.00700   0.00224  -0.0033  0.9450  0.0988  -1.9131   0.0000   0.2377
  -4.500  -0.4933   0.00666   0.00196  -0.0026  0.9213  0.1243  -1.6626   0.0000   0.2388
  -4.000  -0.4399   0.00631   0.00170  -0.0020  0.8930  0.1599  -1.4443   0.0000   0.2399
  -3.500  -0.3861   0.00601   0.00146  -0.0015  0.8593  0.2015  -1.2423   0.0000   0.2409
  -3.000  -0.3319   0.00576   0.00127  -0.0011  0.8206  0.2466  -1.0622   0.0000   0.2417
  -2.500  -0.2772   0.00555   0.00111  -0.0007  0.7785  0.2944  -0.9051   0.0000   0.2424
  -2.000  -0.2222   0.00538   0.00098  -0.0005  0.7333  0.3442  -0.7693   0.0000   0.2430
  -1.500  -0.1671   0.00526   0.00089  -0.0003  0.6859  0.3944  -0.6546   0.0000   0.2436
  -1.000  -0.1115   0.00517   0.00082  -0.0002  0.6387  0.4438  -0.5589   0.0000   0.2438
   0.000  -0.0000   0.00510   0.00077   0.0000  0.5421  0.5421  -0.4136   0.0000   0.3747
   0.500   0.0558   0.00514   0.00078   0.0001  0.4922  0.5896  -0.4799   0.0000   0.2440
   1.000   0.1115   0.00517   0.00082   0.0002  0.4438  0.6387  -0.5589   0.0000   0.2438
   1.500   0.1671   0.00526   0.00089   0.0003  0.3944  0.6859  -0.6546   0.0000   0.2436
   2.000   0.2222   0.00538   0.00098   0.0005  0.3442  0.7333  -0.7693   0.0000   0.2430
   2.500   0.2772   0.00555   0.00111   0.0007  0.2943  0.7785  -0.9051   0.0000   0.2424
   3.000   0.3319   0.00576   0.00127   0.0010  0.2466  0.8206  -1.0622   0.0000   0.2417
   3.500   0.3861   0.00601   0.00146   0.0015  0.2015  0.8593  -1.2423   0.0000   0.2409
   4.000   0.4400   0.00631   0.00170   0.0020  0.1599  0.8930  -1.4443   0.0000   0.2399
   4.500   0.4933   0.00666   0.00196   0.0026  0.1243  0.9213  -1.6627   0.0000   0.2388
   5.000   0.5464   0.00700   0.00224   0.0033  0.0987  0.9450  -1.9131   0.0000   0.2378
   5.500   0.5987   0.00738   0.00255   0.0042  0.0768  0.9637  -2.1748   0.0000   0.2364
   6.000   0.6522   0.00778   0.00288   0.0048  0.0616  0.9783  -2.4648   0.0000   0.2358
   6.500   0.7103   0.00820   0.00323   0.0043  0.0497  0.9875  -2.7985   0.0000   0.2367
   7.000   0.7734   0.00868   0.00363   0.0025  0.0399  0.9919  -3.1618   0.0000   0.2390
   7.500   0.8380   0.00916   0.00406   0.0004  0.0336  0.9948  -3.5455   0.0000   0.2413
   8.000   0.9023   0.00963   0.00450  -0.0017  0.0294  0.9970  -3.9823   0.0000   0.2431
   8.500   0.9669   0.01014   0.00500  -0.0038  0.0255  0.9987  -4.4457   0.0000   0.2447
   9.000   1.0259   0.01072   0.00555  -0.0049  0.0220  1.0000  -4.9046   0.0000   0.2449
   9.500   1.0687   0.01119   0.00604  -0.0024  0.0206  1.0000  -5.3136   0.0000   0.2418
  10.000   1.1126   0.01169   0.00655  -0.0001  0.0191  1.0000  -5.7417   0.0000   0.2391
  10.500   1.1561   0.01238   0.00725   0.0020  0.0168  1.0000  -6.1732   0.0000   0.2365
  11.000   1.2021   0.01301   0.00791   0.0036  0.0160  1.0000  -6.6331   0.0000   0.2345
  11.500   1.2496   0.01359   0.00852   0.0049  0.0153  1.0000  -7.1666   0.0000   0.2329
  12.000   1.2959   0.01431   0.00926   0.0062  0.0142  1.0000  -7.7080   0.0000   0.2313
  12.500   1.3398   0.01525   0.01024   0.0078  0.0128  1.0000  -8.2422   0.0000   0.2295
  13.000   1.3815   0.01632   0.01140   0.0096  0.0119  1.0000  -8.7738   0.0000   0.2275
  13.500   1.4249   0.01713   0.01226   0.0112  0.0118  1.0000  -9.3457   0.0000   0.2259
  14.000   1.4661   0.01804   0.01324   0.0129  0.0115  1.0000  -9.9167   0.0000   0.2240
  14.500   1.5041   0.01906   0.01433   0.0151  0.0111  1.0000  -10.4810   0.0000   0.2219
  15.000   1.5352   0.02020   0.01553   0.0182  0.0106  1.0000  -11.0119   0.0000   0.2192
  15.500   1.5602   0.02158   0.01698   0.0220  0.0102  1.0000  -11.5102   0.0000   0.2161
  16.000   1.5806   0.02339   0.01889   0.0255  0.0097  1.0000  -11.9772   0.0000   0.2130
  16.500   1.5923   0.02605   0.02169   0.0288  0.0090  1.0000  -12.3682   0.0000   0.2101
  17.000   1.5884   0.03048   0.02638   0.0313  0.0084  1.0000  -12.6148   0.0000   0.2073
  17.500   1.5916   0.03504   0.03111   0.0317  0.0083  1.0000  -12.9355   0.0000   0.2059
  18.000   1.5933   0.04041   0.03664   0.0308  0.0083  1.0000  -13.2427   0.0000   0.2053
  18.500   1.5848   0.04759   0.04401   0.0283  0.0083  1.0000  -13.4468   0.0000   0.2055
  19.000   1.5614   0.05736   0.05400   0.0239  0.0082  1.0000  -13.4952   0.0000   0.2067
  19.500   1.5162   0.07102   0.06793   0.0172  0.0082  1.0000  -13.3001   0.0000   0.2093
  20.000   1.4376   0.09069   0.08793   0.0072  0.0082  1.0000  -12.7112   0.0000   0.2143


