  alpha     CL        CD       CDp       Cm    Top Xtr Bot Xtr   Cpmin    Chinge    XCp    
 ------- -------- --------- --------- -------- ------- ------- -------- --------- ---------
  -5.000  -0.5527   0.00670   0.00207  -0.0017  0.9138  0.0827  -1.9288   0.0000   0.2407
  -4.500  -0.4987   0.00641   0.00180  -0.0013  0.8839  0.1058  -1.6742   0.0000   0.2417
  -4.000  -0.4443   0.00614   0.00157  -0.0009  0.8493  0.1353  -1.4530   0.0000   0.2425
  -3.500  -0.3896   0.00588   0.00135  -0.0006  0.8101  0.1708  -1.2481   0.0000   0.2432
  -3.000  -0.3346   0.00567   0.00117  -0.0004  0.7670  0.2115  -1.0661   0.0000   0.2439
  -2.500  -0.2794   0.00548   0.00103  -0.0002  0.7225  0.2560  -0.9078   0.0000   0.2444
  -2.000  -0.2238   0.00533   0.00091  -0.0001  0.6767  0.3017  -0.7710   0.0000   0.2448
  -1.500  -0.1681   0.00523   0.00082  -0.0000  0.6294  0.3479  -0.6554   0.0000   0.2452
  -1.000  -0.1121   0.00514   0.00076  -0.0000  0.5839  0.3964  -0.5593   0.0000   0.2454
  -0.500  -0.0561   0.00509   0.00072   0.0000  0.5369  0.4436  -0.4800   0.0000   0.2456
   0.000  -0.0000   0.00508   0.00071   0.0000  0.4903  0.4903  -0.4133   0.0000   0.4529
   0.500   0.0561   0.00509   0.00072  -0.0000  0.4436  0.5369  -0.4800   0.0000   0.2456
   1.000   0.1121   0.00514   0.00076   0.0000  0.3964  0.5839  -0.5593   0.0000   0.2454
   1.500   0.1681   0.00523   0.00082   0.0000  0.3479  0.6294  -0.6554   0.0000   0.2452
   2.000   0.2238   0.00533   0.00091   0.0001  0.3017  0.6767  -0.7710   0.0000   0.2448
   2.500   0.2794   0.00548   0.00103   0.0002  0.2560  0.7225  -0.9078   0.0000   0.2444
   3.000   0.3346   0.00567   0.00117   0.0004  0.2115  0.7670  -1.0661   0.0000   0.2439
   3.500   0.3896   0.00588   0.00135   0.0006  0.1708  0.8101  -1.2481   0.0000   0.2432
   4.000   0.4443   0.00614   0.00157   0.0009  0.1352  0.8493  -1.4530   0.0000   0.2425
   4.500   0.4988   0.00641   0.00180   0.0012  0.1058  0.8839  -1.6742   0.0000   0.2417
   5.000   0.5528   0.00670   0.00207   0.0017  0.0826  0.9137  -1.9289   0.0000   0.2407
   5.500   0.6064   0.00700   0.00235   0.0023  0.0661  0.9382  -2.1951   0.0000   0.2397
   6.000   0.6596   0.00733   0.00264   0.0030  0.0537  0.9582  -2.4881   0.0000   0.2386
   6.500   0.7122   0.00767   0.00295   0.0038  0.0442  0.9739  -2.8077   0.0000   0.2374
   7.000   0.7676   0.00804   0.00328   0.0039  0.0373  0.9851  -3.1491   0.0000   0.2372
   7.500   0.8269   0.00845   0.00365   0.0030  0.0317  0.9916  -3.5165   0.0000   0.2381
   8.000   0.8891   0.00892   0.00408   0.0014  0.0264  0.9951  -3.9410   0.0000   0.2397
   8.500   0.9524   0.00938   0.00450  -0.0004  0.0237  0.9969  -4.4004   0.0000   0.2412
   9.000   1.0157   0.00988   0.00499  -0.0023  0.0208  0.9985  -4.8765   0.0000   0.2425
   9.500   1.0782   0.01038   0.00547  -0.0041  0.0190  0.9999  -5.3710   0.0000   0.2434
  10.000   1.1217   0.01097   0.00606  -0.0018  0.0163  1.0000  -5.7933   0.0000   0.2405
  10.500   1.1667   0.01141   0.00652   0.0002  0.0159  1.0000  -6.2448   0.0000   0.2381
  11.000   1.2128   0.01192   0.00703   0.0019  0.0151  1.0000  -6.7148   0.0000   0.2360
  11.500   1.2594   0.01256   0.00767   0.0034  0.0137  1.0000  -7.2448   0.0000   0.2342
  12.000   1.3049   0.01340   0.00855   0.0049  0.0120  1.0000  -7.7735   0.0000   0.2323
  12.500   1.3525   0.01401   0.00918   0.0060  0.0118  1.0000  -8.3451   0.0000   0.2309
  13.000   1.3991   0.01468   0.00990   0.0072  0.0115  1.0000  -8.9260   0.0000   0.2294
  13.500   1.4442   0.01544   0.01069   0.0085  0.0111  1.0000  -9.5128   0.0000   0.2278
  14.000   1.4873   0.01630   0.01158   0.0101  0.0106  1.0000  -10.1015   0.0000   0.2260
  14.500   1.5275   0.01729   0.01261   0.0120  0.0100  1.0000  -10.6844   0.0000   0.2241
  15.000   1.5631   0.01849   0.01387   0.0144  0.0091  1.0000  -11.2417   0.0000   0.2218
  15.500   1.5862   0.02004   0.01556   0.0188  0.0084  1.0000  -11.7098   0.0000   0.2183
  16.000   1.6131   0.02128   0.01687   0.0221  0.0083  1.0000  -12.2412   0.0000   0.2154
  16.500   1.6374   0.02281   0.01848   0.0252  0.0083  1.0000  -12.7599   0.0000   0.2127
  17.000   1.6585   0.02472   0.02048   0.0280  0.0082  1.0000  -13.2588   0.0000   0.2103
  17.500   1.6757   0.02716   0.02303   0.0301  0.0081  1.0000  -13.7300   0.0000   0.2080
  18.000   1.6886   0.03029   0.02628   0.0316  0.0079  1.0000  -14.1651   0.0000   0.2062
  18.500   1.6964   0.03431   0.03043   0.0321  0.0078  1.0000  -14.5565   0.0000   0.2048
  19.000   1.6982   0.03948   0.03575   0.0314  0.0076  1.0000  -14.8893   0.0000   0.2039
  19.500   1.6899   0.04632   0.04276   0.0293  0.0075  1.0000  -15.1188   0.0000   0.2037
  20.000   1.6685   0.05539   0.05202   0.0257  0.0074  1.0000  -15.2068   0.0000   0.2043


