  alpha     CL        CD       CDp       Cm    Top Xtr Bot Xtr   Cpmin    Chinge    XCp    
 ------- -------- --------- --------- -------- ------- ------- -------- --------- ---------
  -5.000  -0.1619   0.00659   0.00170  -0.0834  0.7522  0.0304  -2.4486   0.0000  -0.2811
  -4.500  -0.1074   0.00643   0.00150  -0.0831  0.7327  0.0365  -2.1485   0.0000  -0.5440
  -4.000  -0.0525   0.00629   0.00134  -0.0827  0.7132  0.0428  -1.8842   0.0000  -1.3610
  -3.500   0.0026   0.00616   0.00120  -0.0825  0.6948  0.0502  -1.6302   0.0000  32.2477
  -3.000   0.0575   0.00603   0.00107  -0.0822  0.6760  0.0636  -1.3883   0.0000   1.7016
  -2.500   0.1128   0.00591   0.00097  -0.0819  0.6579  0.0773  -1.1784   0.0000   0.9850
  -2.000   0.1679   0.00584   0.00089  -0.0817  0.6383  0.0915  -0.9801   0.0000   0.7404
  -1.500   0.2231   0.00577   0.00082  -0.0815  0.6188  0.1101  -0.8072   0.0000   0.6167
  -1.000   0.2777   0.00571   0.00078  -0.0811  0.5967  0.1355  -0.6475   0.0000   0.5423
  -0.500   0.3322   0.00563   0.00076  -0.0808  0.5740  0.1749  -0.6492   0.0000   0.4924
   0.000   0.3859   0.00557   0.00076  -0.0804  0.5491  0.2294  -0.7116   0.0000   0.4567
   0.500   0.4389   0.00554   0.00080  -0.0798  0.5185  0.2954  -0.7777   0.0000   0.4296
   1.000   0.4911   0.00551   0.00086  -0.0791  0.4861  0.3782  -0.8471   0.0000   0.4083
   1.500   0.5412   0.00538   0.00096  -0.0781  0.4500  0.5267  -0.9173   0.0000   0.3911
   2.000   0.5887   0.00528   0.00112  -0.0766  0.4054  0.6989  -0.9866   0.0000   0.3763
   2.500   0.6351   0.00520   0.00130  -0.0747  0.3680  0.8433  -1.0591   0.0000   0.3633
   3.000   0.6834   0.00529   0.00154  -0.0729  0.3351  0.9558  -1.1359   0.0000   0.3520
   3.500   0.7575   0.00568   0.00178  -0.0772  0.2988  0.9848  -1.2353   0.0000   0.3467
   4.000   0.8211   0.00604   0.00200  -0.0791  0.2703  0.9925  -1.3310   0.0000   0.3407
   4.500   0.8884   0.00638   0.00223  -0.0818  0.2471  0.9965  -1.4342   0.0000   0.3359
   5.000   0.9571   0.00678   0.00250  -0.0849  0.2233  0.9986  -1.5455   0.0000   0.3320
   5.500   1.0195   0.00718   0.00277  -0.0867  0.1986  0.9996  -1.6560   0.0000   0.3277
   6.000   1.0715   0.00753   0.00305  -0.0862  0.1824  1.0000  -1.7628   0.0000   0.3225
   6.500   1.1116   0.00796   0.00337  -0.0831  0.1614  1.0000  -2.1128   0.0000   0.3163
   7.000   1.1530   0.00843   0.00373  -0.0804  0.1402  1.0000  -2.5126   0.0000   0.3107
   7.500   1.1895   0.00910   0.00423  -0.0769  0.1102  1.0000  -2.9333   0.0000   0.3049
   8.000   1.2195   0.01002   0.00493  -0.0721  0.0735  1.0000  -3.3758   0.0000   0.2988
   8.500   1.2367   0.01104   0.00577  -0.0648  0.0391  1.0000  -3.7707   0.0000   0.2914
   9.000   1.2537   0.01196   0.00657  -0.0576  0.0175  1.0000  -4.1800   0.0000   0.2843
   9.500   1.2800   0.01272   0.00729  -0.0524  0.0095  1.0000  -4.6617   0.0000   0.2786
  10.000   1.3095   0.01344   0.00802  -0.0481  0.0063  1.0000  -5.1843   0.0000   0.2737
  10.500   1.3381   0.01424   0.00882  -0.0438  0.0043  1.0000  -5.7210   0.0000   0.2690
  11.000   1.3672   0.01505   0.00966  -0.0399  0.0035  1.0000  -6.2841   0.0000   0.2646
  11.500   1.3942   0.01604   0.01067  -0.0358  0.0024  1.0000  -6.8431   0.0000   0.2604
  12.000   1.4217   0.01705   0.01172  -0.0322  0.0022  1.0000  -7.4362   0.0000   0.2565
  12.500   1.4463   0.01826   0.01297  -0.0283  0.0018  1.0000  -8.0201   0.0000   0.2526
  13.000   1.4674   0.01973   0.01450  -0.0243  0.0013  1.0000  -8.5682   0.0000   0.2487
  13.500   1.4876   0.02136   0.01620  -0.0206  0.0010  1.0000  -9.1209   0.0000   0.2451
  14.000   1.5086   0.02302   0.01791  -0.0173  0.0010  1.0000  -9.7341   0.0000   0.2418
  14.500   1.5262   0.02498   0.01995  -0.0141  0.0009  1.0000  -10.3167   0.0000   0.2385
  15.000   1.5405   0.02732   0.02237  -0.0109  0.0008  1.0000  -10.8700   0.0000   0.2354
  15.500   1.5517   0.03005   0.02521  -0.0080  0.0008  1.0000  -11.3999   0.0000   0.2325
  16.000   1.5598   0.03322   0.02847  -0.0055  0.0007  1.0000  -11.9071   0.0000   0.2297
  16.500   1.5648   0.03690   0.03227  -0.0033  0.0007  1.0000  -12.3895   0.0000   0.2272
  17.000   1.5664   0.04113   0.03663  -0.0016  0.0007  1.0000  -12.8402   0.0000   0.2250
  17.500   1.5640   0.04607   0.04171  -0.0004  0.0007  1.0000  -13.2502   0.0000   0.2231
  18.000   1.5576   0.05175   0.04754   0.0001  0.0006  1.0000  -13.6137   0.0000   0.2215
  18.500   1.5461   0.05839   0.05434  -0.0001  0.0006  1.0000  -13.9146   0.0000   0.2204
  19.000   1.5293   0.06610   0.06222  -0.0012  0.0006  1.0000  -14.1422   0.0000   0.2198
  19.500   1.5073   0.07493   0.07122  -0.0032  0.0006  1.0000  -14.2928   0.0000   0.2199
  20.000   1.4788   0.08507   0.08156  -0.0061  0.0006  1.0000  -14.3406   0.0000   0.2206


