alpha     CL        CD       CDp       Cm    Top Xtr Bot Xtr   Cpmin    Chinge    XCp    
 ------- -------- --------- --------- -------- ------- ------- -------- --------- ---------
  -5.000  -0.1639   0.00637   0.00159  -0.0831  0.7312  0.0266  -2.4570   0.0000  -0.2725
  -4.000  -0.0538   0.00606   0.00125  -0.0825  0.6934  0.0390  -1.8889   0.0000  -1.3191
  -3.500   0.0015   0.00595   0.00112  -0.0823  0.6745  0.0460  -1.6342   0.0000  56.2517
  -3.000   0.0569   0.00582   0.00100  -0.0821  0.6561  0.0559  -1.3906   0.0000   1.7132
  -2.500   0.1120   0.00571   0.00090  -0.0818  0.6362  0.0724  -1.1807   0.0000   0.9891
  -2.000   0.1675   0.00564   0.00082  -0.0817  0.6165  0.0858  -0.9814   0.0000   0.7413
  -1.500   0.2227   0.00560   0.00077  -0.0814  0.5946  0.1007  -0.8082   0.0000   0.6172
  -1.000   0.2777   0.00556   0.00073  -0.0812  0.5719  0.1231  -0.6476   0.0000   0.5424
  -0.500   0.3321   0.00552   0.00072  -0.0808  0.5462  0.1559  -0.6491   0.0000   0.4925
   0.000   0.3860   0.00550   0.00073  -0.0804  0.5182  0.2019  -0.7116   0.0000   0.4567
   0.500   0.4390   0.00551   0.00077  -0.0799  0.4845  0.2588  -0.7777   0.0000   0.4297
   1.000   0.4916   0.00554   0.00084  -0.0792  0.4498  0.3256  -0.8474   0.0000   0.4084
   1.500   0.5422   0.00559   0.00095  -0.0783  0.4072  0.4206  -0.9181   0.0000   0.3911
   2.000   0.5916   0.00550   0.00109  -0.0772  0.3686  0.5759  -0.9888   0.0000   0.3767
   2.500   0.6406   0.00541   0.00126  -0.0759  0.3362  0.7257  -1.0635   0.0000   0.3642
   3.000   0.6877   0.00536   0.00144  -0.0741  0.3065  0.8606  -1.1393   0.0000   0.3530
   3.500   0.7436   0.00546   0.00169  -0.0741  0.2796  0.9725  -1.2237   0.0000   0.3445
   4.000   0.8098   0.00580   0.00190  -0.0766  0.2533  0.9880  -1.3209   0.0000   0.3389
   4.500   0.8729   0.00609   0.00210  -0.0784  0.2339  0.9939  -1.4201   0.0000   0.3336
   5.000   0.9416   0.00653   0.00238  -0.0815  0.2055  0.9975  -1.5303   0.0000   0.3299
   5.500   1.0089   0.00689   0.00263  -0.0843  0.1862  0.9990  -1.6450   0.0000   0.3263
   6.000   1.0678   0.00724   0.00290  -0.0853  0.1695  0.9996  -1.7590   0.0000   0.3220
   6.500   1.1185   0.00771   0.00324  -0.0846  0.1462  1.0000  -2.1378   0.0000   0.3172
   7.000   1.1574   0.00829   0.00366  -0.0814  0.1171  1.0000  -2.5281   0.0000   0.3113
   7.500   1.1923   0.00908   0.00424  -0.0776  0.0822  1.0000  -2.9548   0.0000   0.3054
   8.000   1.2203   0.01014   0.00507  -0.0725  0.0417  1.0000  -3.3867   0.0000   0.2991
   8.500   1.2466   0.01104   0.00584  -0.0669  0.0180  1.0000  -3.8325   0.0000   0.2927
   9.000   1.2675   0.01164   0.00641  -0.0603  0.0098  1.0000  -4.2709   0.0000   0.2859
   9.500   1.2980   0.01223   0.00699  -0.0558  0.0064  1.0000  -4.7851   0.0000   0.2806
  10.000   1.3266   0.01290   0.00765  -0.0511  0.0044  1.0000  -5.3093   0.0000   0.2755
  10.500   1.3576   0.01358   0.00835  -0.0471  0.0036  1.0000  -5.8724   0.0000   0.2709
  11.000   1.3864   0.01436   0.00915  -0.0430  0.0024  1.0000  -6.4377   0.0000   0.2665
  11.500   1.4153   0.01518   0.00999  -0.0391  0.0022  1.0000  -7.0313   0.0000   0.2623
  12.000   1.4419   0.01618   0.01102  -0.0351  0.0017  1.0000  -7.6230   0.0000   0.2582
  12.500   1.4656   0.01740   0.01229  -0.0310  0.0011  1.0000  -8.1744   0.0000   0.2541
  13.000   1.4912   0.01855   0.01347  -0.0274  0.0010  1.0000  -8.8095   0.0000   0.2505
  13.500   1.5147   0.01988   0.01484  -0.0239  0.0010  1.0000  -9.4416   0.0000   0.2470
  14.000   1.5348   0.02150   0.01651  -0.0202  0.0008  1.0000  -10.0414   0.0000   0.2435
  14.500   1.5511   0.02344   0.01852  -0.0166  0.0007  1.0000  -10.5995   0.0000   0.2400
  15.000   1.5654   0.02566   0.02082  -0.0131  0.0006  1.0000  -11.1466   0.0000   0.2367
  15.500   1.5775   0.02821   0.02346  -0.0100  0.0005  1.0000  -11.6869   0.0000   0.2336
  16.000   1.5866   0.03114   0.02650  -0.0072  0.0005  1.0000  -12.2100   0.0000   0.2307
  16.500   1.5930   0.03453   0.03000  -0.0047  0.0005  1.0000  -12.7147   0.0000   0.2281
  17.000   1.5961   0.03846   0.03405  -0.0027  0.0005  1.0000  -13.1915   0.0000   0.2257
  17.500   1.5956   0.04298   0.03869  -0.0012  0.0005  1.0000  -13.6338   0.0000   0.2236
  18.000   1.5911   0.04826   0.04411  -0.0003  0.0005  1.0000  -14.0327   0.0000   0.2218
  18.500   1.5824   0.05430   0.05029  -0.0000  0.0005  1.0000  -14.3807   0.0000   0.2204
  19.000   1.5687   0.06136   0.05750  -0.0006  0.0005  1.0000  -14.6641   0.0000   0.2195
  19.500   1.5493   0.06951   0.06582  -0.0020  0.0005  1.0000  -14.8679   0.0000   0.2191
  20.000   1.5252   0.07872   0.07521  -0.0043  0.0005  1.0000  -14.9971   0.0000   0.2193


