  alpha     CL        CD       CDp       Cm    Top Xtr Bot Xtr   Cpmin    Chinge    XCp    
 ------- -------- --------- --------- -------- ------- ------- -------- --------- ---------
  -5.000  -0.5566   0.00653   0.00196  -0.0008  0.8837  0.0726  -1.9386   0.0000   0.2424
  -4.500  -0.5019   0.00627   0.00171  -0.0005  0.8492  0.0938  -1.6808   0.0000   0.2431
  -4.000  -0.4468   0.00603   0.00149  -0.0003  0.8105  0.1191  -1.4582   0.0000   0.2438
  -3.500  -0.3915   0.00584   0.00130  -0.0001  0.7678  0.1484  -1.2513   0.0000   0.2444
  -3.000  -0.3362   0.00564   0.00113  -0.0000  0.7237  0.1865  -1.0683   0.0000   0.2449
  -2.500  -0.2805   0.00546   0.00099   0.0001  0.6794  0.2281  -0.9091   0.0000   0.2454
  -2.000  -0.2248   0.00532   0.00087   0.0001  0.6335  0.2722  -0.7719   0.0000   0.2458
  -1.500  -0.1687   0.00522   0.00079   0.0001  0.5879  0.3163  -0.6558   0.0000   0.2461
  -1.000  -0.1125   0.00513   0.00073   0.0001  0.5438  0.3618  -0.5594   0.0000   0.2462
  -0.500  -0.0563   0.00508   0.00069   0.0001  0.4983  0.4082  -0.4800   0.0000   0.2465
   0.000  -0.0000   0.00507   0.00068   0.0000  0.4530  0.4530  -0.4132   0.0000   0.4466
   0.500   0.0563   0.00508   0.00069  -0.0001  0.4082  0.4983  -0.4800   0.0000   0.2465
   1.000   0.1125   0.00513   0.00073  -0.0001  0.3618  0.5438  -0.5594   0.0000   0.2462
   1.500   0.1687   0.00522   0.00079  -0.0001  0.3163  0.5879  -0.6558   0.0000   0.2461
   2.000   0.2248   0.00532   0.00087  -0.0001  0.2722  0.6335  -0.7719   0.0000   0.2458
   2.500   0.2805   0.00546   0.00099  -0.0001  0.2281  0.6794  -0.9091   0.0000   0.2454
   3.000   0.3362   0.00564   0.00113   0.0000  0.1865  0.7237  -1.0683   0.0000   0.2449
   3.500   0.3915   0.00584   0.00130   0.0001  0.1484  0.7678  -1.2513   0.0000   0.2444
   4.000   0.4469   0.00603   0.00149   0.0003  0.1191  0.8105  -1.4582   0.0000   0.2438
   4.500   0.5019   0.00627   0.00171   0.0005  0.0938  0.8492  -1.6809   0.0000   0.2431
   5.000   0.5566   0.00653   0.00196   0.0008  0.0726  0.8837  -1.9386   0.0000   0.2424
   5.500   0.6113   0.00676   0.00221   0.0012  0.0599  0.9133  -2.2081   0.0000   0.2416
   6.000   0.6651   0.00706   0.00250   0.0017  0.0479  0.9378  -2.5053   0.0000   0.2406
   6.500   0.7185   0.00737   0.00279   0.0023  0.0393  0.9576  -2.8283   0.0000   0.2395
   7.000   0.7710   0.00769   0.00310   0.0031  0.0337  0.9736  -3.1620   0.0000   0.2382
   7.500   0.8255   0.00803   0.00342   0.0034  0.0298  0.9852  -3.5157   0.0000   0.2376
   8.000   0.8838   0.00843   0.00378   0.0028  0.0256  0.9920  -3.9270   0.0000   0.2381
   8.500   0.9436   0.00890   0.00421   0.0017  0.0215  0.9961  -4.3711   0.0000   0.2389
   9.000   1.0073   0.00931   0.00461  -0.0002  0.0201  0.9973  -4.8509   0.0000   0.2404
   9.500   1.0692   0.00985   0.00511  -0.0019  0.0174  0.9988  -5.3405   0.0000   0.2413
  10.000   1.1307   0.01035   0.00561  -0.0034  0.0160  1.0000  -5.8469   0.0000   0.2420
  10.500   1.1745   0.01078   0.00605  -0.0011  0.0153  1.0000  -6.2951   0.0000   0.2392
  11.000   1.2192   0.01133   0.00659   0.0009  0.0139  1.0000  -6.7601   0.0000   0.2369
  11.500   1.2648   0.01201   0.00728   0.0025  0.0120  1.0000  -7.2801   0.0000   0.2348
  12.000   1.3134   0.01253   0.00782   0.0036  0.0118  1.0000  -7.8432   0.0000   0.2333
  12.500   1.3617   0.01311   0.00842   0.0046  0.0115  1.0000  -8.4204   0.0000   0.2319
  13.000   1.4088   0.01378   0.00910   0.0058  0.0110  1.0000  -9.0069   0.0000   0.2304
  13.500   1.4543   0.01455   0.00989   0.0071  0.0104  1.0000  -9.5983   0.0000   0.2288
  14.000   1.4976   0.01543   0.01080   0.0086  0.0095  1.0000  -10.1880   0.0000   0.2270
  14.500   1.5380   0.01647   0.01190   0.0106  0.0087  1.0000  -10.7645   0.0000   0.2250
  15.000   1.5774   0.01746   0.01296   0.0126  0.0083  1.0000  -11.3552   0.0000   0.2230
  15.500   1.6157   0.01838   0.01391   0.0147  0.0083  1.0000  -11.9617   0.0000   0.2210
  16.000   1.6458   0.01938   0.01498   0.0181  0.0082  1.0000  -12.5241   0.0000   0.2181
  16.500   1.6724   0.02061   0.01627   0.0216  0.0081  1.0000  -13.0688   0.0000   0.2152
  17.000   1.6961   0.02212   0.01787   0.0248  0.0079  1.0000  -13.5977   0.0000   0.2125
  17.500   1.7164   0.02404   0.01987   0.0276  0.0077  1.0000  -14.1044   0.0000   0.2099
  18.000   1.7326   0.02651   0.02242   0.0300  0.0074  1.0000  -14.5820   0.0000   0.2076
  18.500   1.7438   0.02972   0.02574   0.0316  0.0072  1.0000  -15.0179   0.0000   0.2057
  19.000   1.7488   0.03395   0.03008   0.0322  0.0069  1.0000  -15.3946   0.0000   0.2042
  19.500   1.7466   0.03948   0.03576   0.0315  0.0067  1.0000  -15.6971   0.0000   0.2032
  20.000   1.7341   0.04677   0.04321   0.0294  0.0066  1.0000  -15.8895   0.0000   0.2030


