  alpha     CL        CD       CDp       Cm    Top Xtr Bot Xtr   Cpmin    Chinge    XCp    
 ------- -------- --------- --------- -------- ------- ------- -------- --------- ---------
  -5.000  -0.1353   0.01118   0.00489  -0.0904  0.8820  0.0634  -2.2971   0.0000  -0.4370
  -4.500  -0.0838   0.01066   0.00431  -0.0893  0.8682  0.0716  -2.0293   0.0000  -0.8420
  -4.000  -0.0316   0.01023   0.00382  -0.0883  0.8542  0.0819  -1.7902   0.0000  -2.6020
  -3.500   0.0203   0.00979   0.00337  -0.0874  0.8397  0.0956  -1.5582   0.0000   4.6392
  -3.000   0.0726   0.00943   0.00302  -0.0865  0.8247  0.1139  -1.3359   0.0000   1.4587
  -2.000   0.1770   0.00873   0.00244  -0.0847  0.7927  0.1856  -0.9550   0.0000   0.7327
  -1.500   0.2277   0.00832   0.00228  -0.0836  0.7743  0.2686  -0.7951   0.0000   0.6192
  -1.000   0.2776   0.00787   0.00213  -0.0825  0.7563  0.3912  -0.6456   0.0000   0.5474
  -0.500   0.3204   0.00704   0.00211  -0.0798  0.7373  0.6496  -0.6407   0.0000   0.4986
   0.000   0.3677   0.00652   0.00226  -0.0771  0.7192  0.8841  -0.6988   0.0000   0.4583
   0.500   0.4640   0.00675   0.00241  -0.0851  0.6997  0.9520  -0.7946   0.0000   0.4313
   1.000   0.5449   0.00696   0.00250  -0.0902  0.6785  0.9756  -0.8852   0.0000   0.4128
   1.500   0.6343   0.00715   0.00256  -0.0972  0.6552  0.9926  -0.9863   0.0000   0.4001
   2.000   0.7158   0.00733   0.00263  -0.1026  0.6295  1.0000  -1.0855   0.0000   0.3898
   2.500   0.7538   0.00747   0.00266  -0.0991  0.6025  1.0000  -1.1537   0.0000   0.3774
   3.000   0.7920   0.00768   0.00276  -0.0955  0.5722  1.0000  -1.2231   0.0000   0.3660
   3.500   0.8295   0.00797   0.00291  -0.0918  0.5375  1.0000  -1.2931   0.0000   0.3556
   4.000   0.8658   0.00837   0.00313  -0.0879  0.4939  1.0000  -1.3669   0.0000   0.3458
   4.500   0.9005   0.00888   0.00345  -0.0837  0.4460  1.0000  -1.4398   0.0000   0.3367
   5.000   0.9343   0.00950   0.00385  -0.0794  0.3984  1.0000  -1.5167   0.0000   0.3282
   5.500   0.9667   0.01018   0.00432  -0.0749  0.3552  1.0000  -1.5937   0.0000   0.3202
   6.500   1.0314   0.01145   0.00537  -0.0660  0.2922  1.0000  -1.8065   0.0000   0.3055
   7.000   1.0563   0.01209   0.00593  -0.0600  0.2707  1.0000  -2.1192   0.0000   0.2978
   7.500   1.0796   0.01270   0.00651  -0.0539  0.2530  1.0000  -2.4404   0.0000   0.2903
   8.000   1.1065   0.01333   0.00716  -0.0486  0.2381  1.0000  -2.7925   0.0000   0.2837
   8.500   1.1338   0.01400   0.00785  -0.0436  0.2238  1.0000  -3.1608   0.0000   0.2776
   9.000   1.1587   0.01481   0.00861  -0.0386  0.2043  1.0000  -3.5339   0.0000   0.2717
   9.500   1.1871   0.01556   0.00937  -0.0343  0.1844  1.0000  -3.9458   0.0000   0.2666
  10.000   1.2139   0.01643   0.01027  -0.0300  0.1686  1.0000  -4.4035   0.0000   0.2617
  10.500   1.2386   0.01749   0.01131  -0.0257  0.1485  1.0000  -4.8636   0.0000   0.2570
  11.000   1.2572   0.01898   0.01268  -0.0210  0.1169  1.0000  -5.2951   0.0000   0.2522
  11.500   1.2518   0.02209   0.01535  -0.0142  0.0533  1.0000  -5.5689   0.0000   0.2461
  12.000   1.2393   0.02614   0.01917  -0.0078  0.0175  1.0000  -5.7631   0.0000   0.2401
  12.500   1.2452   0.02921   0.02238  -0.0038  0.0122  1.0000  -6.0705   0.0000   0.2360
  13.000   1.2463   0.03298   0.02632  -0.0003  0.0097  1.0000  -6.3505   0.0000   0.2324
  13.500   1.2524   0.03658   0.03011   0.0021  0.0085  1.0000  -6.6738   0.0000   0.2294
  14.000   1.2518   0.04112   0.03484   0.0040  0.0078  1.0000  -6.9537   0.0000   0.2269
  14.500   1.2399   0.04722   0.04115   0.0052  0.0072  1.0000  -7.1319   0.0000   0.2249
  15.000   1.2144   0.05548   0.04968   0.0052  0.0068  1.0000  -7.1651   0.0000   0.2238
  15.500   1.2042   0.06244   0.05684   0.0046  0.0067  1.0000  -7.3404   0.0000   0.2232
  16.000   1.1902   0.07018   0.06481   0.0033  0.0065  1.0000  -7.4718   0.0000   0.2231
  16.500   1.1737   0.07851   0.07335   0.0016  0.0063  1.0000  -7.5674   0.0000   0.2235
  17.000   1.1563   0.08710   0.08213  -0.0004  0.0062  1.0000  -7.6400   0.0000   0.2242
  17.500   1.1402   0.09556   0.09077  -0.0025  0.0060  1.0000  -7.7077   0.0000   0.2250
  18.000   1.1268   0.10374   0.09911  -0.0048  0.0059  1.0000  -7.7829   0.0000   0.2261
  18.500   1.1160   0.11167   0.10720  -0.0075  0.0057  1.0000  -7.8650   0.0000   0.2274
  19.000   1.1080   0.11934   0.11502  -0.0104  0.0055  1.0000  -7.9571   0.0000   0.2291
  19.500   1.1018   0.12688   0.12270  -0.0137  0.0053  1.0000  -8.0531   0.0000   0.2311
  20.000   1.0968   0.13435   0.13032  -0.0174  0.0051  1.0000  -8.1452   0.0000   0.2334


