  alpha     CL        CD       CDp       Cm    Top Xtr Bot Xtr   Cpmin    Chinge    XCp    
 ------- -------- --------- --------- -------- ------- ------- -------- --------- ---------
  -5.000  -0.6268   0.01039   0.00415   0.0124  0.9983  0.1767  -2.0901   0.0000   0.2638
  -4.500  -0.5531   0.00966   0.00373   0.0081  0.9925  0.2434  -1.7861   0.0000   0.2589
  -4.000  -0.4794   0.00900   0.00339   0.0039  0.9857  0.3148  -1.5169   0.0000   0.2526
  -3.500  -0.4040   0.00840   0.00307  -0.0006  0.9792  0.3875  -1.2709   0.0000   0.2432
  -3.000  -0.3306   0.00785   0.00280  -0.0044  0.9705  0.4570  -1.0602   0.0000   0.2315
  -2.500  -0.2657   0.00736   0.00255  -0.0061  0.9565  0.5210  -0.8906   0.0000   0.2218
  -2.000  -0.2089   0.00695   0.00233  -0.0059  0.9351  0.5803  -0.7546   0.0000   0.2170
  -1.500  -0.1555   0.00662   0.00217  -0.0047  0.9081  0.6369  -0.6443   0.0000   0.2149
  -1.000  -0.1036   0.00637   0.00204  -0.0032  0.8753  0.6912  -0.5532   0.0000   0.2145
  -0.500  -0.0517   0.00623   0.00195  -0.0016  0.8367  0.7437  -0.4778   0.0000   0.2144
   0.000  -0.0000   0.00616   0.00194   0.0000  0.7923  0.7922  -0.4140   0.0000   0.5082
   0.500   0.0517   0.00623   0.00195   0.0016  0.7437  0.8367  -0.4778   0.0000   0.2144
   1.000   0.1036   0.00637   0.00204   0.0032  0.6912  0.8753  -0.5532   0.0000   0.2145
   1.500   0.1555   0.00662   0.00217   0.0047  0.6369  0.9081  -0.6443   0.0000   0.2149
   2.000   0.2089   0.00695   0.00233   0.0059  0.5803  0.9351  -0.7546   0.0000   0.2170
   2.500   0.2657   0.00736   0.00255   0.0061  0.5210  0.9565  -0.8906   0.0000   0.2218
   3.000   0.3306   0.00785   0.00280   0.0044  0.4570  0.9705  -1.0602   0.0000   0.2315
   3.500   0.4040   0.00840   0.00307   0.0006  0.3875  0.9792  -1.2709   0.0000   0.2432
   4.000   0.4794   0.00900   0.00338  -0.0039  0.3148  0.9857  -1.5169   0.0000   0.2526
   4.500   0.5531   0.00966   0.00373  -0.0081  0.2433  0.9925  -1.7861   0.0000   0.2589
   5.000   0.6268   0.01039   0.00415  -0.0124  0.1767  0.9983  -2.0902   0.0000   0.2638
   5.500   0.6799   0.01104   0.00458  -0.0125  0.1308  1.0000  -2.3565   0.0000   0.2619
   6.000   0.7219   0.01171   0.00510  -0.0101  0.1002  1.0000  -2.6307   0.0000   0.2572
   6.500   0.7631   0.01241   0.00570  -0.0075  0.0796  1.0000  -2.9109   0.0000   0.2526
   7.000   0.8042   0.01313   0.00637  -0.0048  0.0655  1.0000  -3.1984   0.0000   0.2483
   7.500   0.8444   0.01396   0.00718  -0.0020  0.0559  1.0000  -3.4886   0.0000   0.2442
   8.000   0.8851   0.01480   0.00803   0.0007  0.0487  1.0000  -3.8205   0.0000   0.2405
   8.500   0.9252   0.01574   0.00903   0.0034  0.0431  1.0000  -4.1629   0.0000   0.2370
   9.000   0.9629   0.01700   0.01032   0.0063  0.0387  1.0000  -4.5000   0.0000   0.2336
   9.500   1.0047   0.01798   0.01140   0.0086  0.0354  1.0000  -4.8656   0.0000   0.2310
  10.000   1.0399   0.01965   0.01313   0.0115  0.0323  1.0000  -5.2026   0.0000   0.2279
  10.500   1.0809   0.02073   0.01436   0.0135  0.0299  1.0000  -5.5825   0.0000   0.2258
  11.000   1.1169   0.02217   0.01589   0.0160  0.0279  1.0000  -5.9496   0.0000   0.2233
  11.500   1.1425   0.02459   0.01846   0.0196  0.0262  1.0000  -6.2903   0.0000   0.2197
  12.000   1.1701   0.02631   0.02039   0.0230  0.0250  1.0000  -6.6624   0.0000   0.2165
  12.500   1.1902   0.02838   0.02265   0.0269  0.0238  1.0000  -7.0018   0.0000   0.2128
  13.000   1.2070   0.03082   0.02526   0.0302  0.0228  1.0000  -7.3318   0.0000   0.2096
  13.500   1.2171   0.03414   0.02874   0.0327  0.0220  1.0000  -7.6183   0.0000   0.2068
  14.000   1.2079   0.04009   0.03499   0.0347  0.0210  1.0000  -7.7331   0.0000   0.2040
  14.500   1.2118   0.04491   0.04011   0.0342  0.0206  1.0000  -7.9612   0.0000   0.2035
  15.000   1.2068   0.05153   0.04704   0.0320  0.0201  1.0000  -8.1070   0.0000   0.2042
  15.500   1.1918   0.06023   0.05606   0.0280  0.0197  1.0000  -8.1537   0.0000   0.2060
  16.000   1.1662   0.07126   0.06741   0.0221  0.0194  1.0000  -8.0890   0.0000   0.2094
  16.500   1.1285   0.08526   0.08175   0.0141  0.0193  1.0000  -7.8815   0.0000   0.2148
  17.000   1.0721   0.10404   0.10090   0.0030  0.0193  1.0000  -7.4344   0.0000   0.2235
  19.500   0.4893   0.17671   0.17449  -0.0210  0.0234  1.0000  -1.2136   0.0000   0.2804
  20.000   0.5003   0.18171   0.17950  -0.0234  0.0222  1.0000  -1.2694   0.0000   0.2835


