  alpha     CL        CD       CDp       Cm    Top Xtr Bot Xtr   Cpmin    Chinge    XCp    
 ------- -------- --------- --------- -------- ------- ------- -------- --------- ---------
  -5.000  -0.5594   0.00639   0.00187  -0.0002  0.8546  0.0676  -1.9457   0.0000   0.2434
  -4.500  -0.5042   0.00617   0.00164  -0.0001  0.8167  0.0860  -1.6863   0.0000   0.2441
  -4.000  -0.4486   0.00597   0.00144   0.0001  0.7762  0.1071  -1.4617   0.0000   0.2446
  -3.500  -0.3930   0.00578   0.00126   0.0002  0.7327  0.1353  -1.2538   0.0000   0.2451
  -3.000  -0.3374   0.00560   0.00110   0.0002  0.6874  0.1709  -1.0701   0.0000   0.2457
  -2.500  -0.2814   0.00544   0.00096   0.0003  0.6441  0.2087  -0.9102   0.0000   0.2460
  -2.000  -0.2253   0.00532   0.00086   0.0002  0.6001  0.2476  -0.7724   0.0000   0.2463
  -1.500  -0.1692   0.00521   0.00077   0.0002  0.5554  0.2924  -0.6562   0.0000   0.2467
  -1.000  -0.1129   0.00513   0.00071   0.0002  0.5110  0.3365  -0.5596   0.0000   0.2469
  -0.500  -0.0564   0.00508   0.00068   0.0001  0.4687  0.3798  -0.4799   0.0000   0.2469
   0.000   0.0000   0.00507   0.00067  -0.0000  0.4243  0.4243  -0.4131   0.0000   0.3679
   0.500   0.0564   0.00508   0.00068  -0.0001  0.3798  0.4687  -0.4799   0.0000   0.2469
   1.000   0.1129   0.00513   0.00071  -0.0002  0.3365  0.5110  -0.5596   0.0000   0.2469
   1.500   0.1692   0.00521   0.00077  -0.0002  0.2924  0.5554  -0.6562   0.0000   0.2467
   2.000   0.2253   0.00532   0.00086  -0.0002  0.2476  0.6001  -0.7724   0.0000   0.2463
   2.500   0.2814   0.00544   0.00096  -0.0003  0.2087  0.6441  -0.9102   0.0000   0.2460
   3.000   0.3374   0.00560   0.00110  -0.0002  0.1709  0.6874  -1.0701   0.0000   0.2457
   3.500   0.3930   0.00578   0.00126  -0.0002  0.1353  0.7327  -1.2539   0.0000   0.2452
   4.000   0.4486   0.00597   0.00144  -0.0001  0.1071  0.7762  -1.4617   0.0000   0.2446
   4.500   0.5042   0.00617   0.00164   0.0000  0.0860  0.8167  -1.6863   0.0000   0.2441
   5.000   0.5594   0.00639   0.00187   0.0002  0.0676  0.8546  -1.9458   0.0000   0.2435
   5.500   0.6144   0.00662   0.00212   0.0005  0.0542  0.8883  -2.2164   0.0000   0.2427
   6.000   0.6692   0.00686   0.00238   0.0008  0.0448  0.9169  -2.5182   0.0000   0.2420
   6.500   0.7232   0.00713   0.00266   0.0013  0.0378  0.9413  -2.8438   0.0000   0.2410
   7.000   0.7766   0.00743   0.00295   0.0019  0.0321  0.9601  -3.1813   0.0000   0.2399
   7.500   0.8288   0.00777   0.00328   0.0027  0.0269  0.9758  -3.5282   0.0000   0.2386
   8.000   0.8829   0.00811   0.00360   0.0031  0.0243  0.9871  -3.9271   0.0000   0.2378
   8.500   0.9411   0.00852   0.00398   0.0024  0.0210  0.9933  -4.3660   0.0000   0.2382
   9.000   1.0014   0.00893   0.00437   0.0012  0.0193  0.9966  -4.8325   0.0000   0.2390
   9.500   1.0633   0.00945   0.00486  -0.0004  0.0162  0.9979  -5.3199   0.0000   0.2399
  10.000   1.1249   0.00988   0.00528  -0.0020  0.0158  0.9993  -5.8306   0.0000   0.2407
  10.500   1.1801   0.01039   0.00577  -0.0022  0.0144  1.0000  -6.3298   0.0000   0.2401
  11.000   1.2239   0.01095   0.00632   0.0001  0.0125  1.0000  -6.7893   0.0000   0.2375
  11.500   1.2706   0.01145   0.00683   0.0016  0.0119  1.0000  -7.3241   0.0000   0.2356
  12.000   1.3193   0.01195   0.00735   0.0027  0.0117  1.0000  -7.8890   0.0000   0.2340
  12.500   1.3676   0.01253   0.00794   0.0037  0.0111  1.0000  -8.4683   0.0000   0.2326
  13.000   1.4148   0.01322   0.00863   0.0049  0.0104  1.0000  -9.0557   0.0000   0.2310
  13.500   1.4603   0.01401   0.00943   0.0062  0.0094  1.0000  -9.6458   0.0000   0.2294
  15.000   1.5908   0.01646   0.01201   0.0108  0.0083  1.0000  -11.4740   0.0000   0.2242
  15.500   1.6313   0.01731   0.01289   0.0126  0.0082  1.0000  -12.0990   0.0000   0.2223
  16.000   1.6675   0.01824   0.01387   0.0151  0.0080  1.0000  -12.7066   0.0000   0.2200
  16.500   1.6949   0.01932   0.01501   0.0188  0.0078  1.0000  -13.2626   0.0000   0.2170
  17.000   1.7191   0.02069   0.01644   0.0224  0.0075  1.0000  -13.8015   0.0000   0.2140
  17.500   1.7396   0.02245   0.01826   0.0257  0.0072  1.0000  -14.3163   0.0000   0.2112
  18.000   1.7553   0.02474   0.02063   0.0287  0.0068  1.0000  -14.7941   0.0000   0.2086
  18.500   1.7667   0.02770   0.02369   0.0309  0.0064  1.0000  -15.2315   0.0000   0.2063
  19.000   1.7731   0.03154   0.02765   0.0321  0.0061  1.0000  -15.6207   0.0000   0.2045
  19.500   1.7729   0.03656   0.03282   0.0320  0.0059  1.0000  -15.9433   0.0000   0.2032
  20.000   1.7639   0.04310   0.03953   0.0306  0.0058  1.0000  -16.1748   0.0000   0.2026


