  alpha     CL        CD       CDp       Cm    Top Xtr Bot Xtr   Cpmin    Chinge    XCp    
 ------- -------- --------- --------- -------- ------- ------- -------- --------- ---------
  -5.000  -0.1653   0.00620   0.00152  -0.0828  0.7143  0.0243  -2.4631   0.0000  -0.2663
  -4.500  -0.1102   0.00604   0.00134  -0.0826  0.6959  0.0299  -2.1591   0.0000  -0.5194
  -4.000  -0.0549   0.00590   0.00119  -0.0823  0.6766  0.0364  -1.8926   0.0000  -1.2839
  -3.500   0.0008   0.00578   0.00106  -0.0822  0.6583  0.0430  -1.6367   0.0000  109.3091
  -3.000   0.0563   0.00569   0.00095  -0.0820  0.6383  0.0507  -1.3926   0.0000   1.7289
  -2.500   0.1117   0.00557   0.00085  -0.0818  0.6188  0.0667  -1.1818   0.0000   0.9910
  -2.000   0.1669   0.00551   0.00079  -0.0816  0.5966  0.0811  -0.9830   0.0000   0.7426
  -1.500   0.2224   0.00548   0.00074  -0.0814  0.5745  0.0953  -0.8090   0.0000   0.6176
  -1.000   0.2773   0.00546   0.00071  -0.0811  0.5492  0.1153  -0.6484   0.0000   0.5427
  -0.500   0.3318   0.00547   0.00070  -0.0808  0.5216  0.1413  -0.6488   0.0000   0.4927
   0.000   0.3855   0.00548   0.00072  -0.0803  0.4886  0.1807  -0.7112   0.0000   0.4568
   0.500   0.4388   0.00551   0.00076  -0.0798  0.4552  0.2311  -0.7774   0.0000   0.4297
   1.000   0.4913   0.00557   0.00084  -0.0792  0.4186  0.2910  -0.8472   0.0000   0.4084
   1.500   0.5425   0.00568   0.00096  -0.0783  0.3751  0.3637  -0.9182   0.0000   0.3911
   2.000   0.5935   0.00565   0.00108  -0.0775  0.3425  0.4809  -0.9901   0.0000   0.3768
   2.500   0.6438   0.00553   0.00122  -0.0765  0.3153  0.6347  -1.0662   0.0000   0.3646
   3.000   0.6929   0.00550   0.00139  -0.0753  0.2856  0.7660  -1.1436   0.0000   0.3539
   3.500   0.7389   0.00537   0.00158  -0.0732  0.2653  0.9101  -1.2197   0.0000   0.3438
   4.000   0.8023   0.00561   0.00182  -0.0749  0.2424  0.9821  -1.3142   0.0000   0.3377
   4.500   0.8637   0.00590   0.00201  -0.0763  0.2235  0.9907  -1.4118   0.0000   0.3322
   5.000   0.9267   0.00630   0.00227  -0.0782  0.1955  0.9957  -1.5158   0.0000   0.3277
   5.500   0.9985   0.00667   0.00253  -0.0820  0.1778  0.9983  -1.6342   0.0000   0.3249
   6.000   1.0617   0.00704   0.00281  -0.0840  0.1586  0.9993  -1.7525   0.0000   0.3212
   6.500   1.1164   0.00751   0.00314  -0.0841  0.1362  0.9998  -2.1280   0.0000   0.3169
   7.000   1.1586   0.00830   0.00369  -0.0818  0.0932  1.0000  -2.5300   0.0000   0.3115
   7.500   1.1922   0.00917   0.00434  -0.0777  0.0559  1.0000  -2.9580   0.0000   0.3055
   8.000   1.2234   0.01013   0.00511  -0.0731  0.0238  1.0000  -3.4072   0.0000   0.2995
   8.500   1.2578   0.01083   0.00574  -0.0692  0.0113  1.0000  -3.9014   0.0000   0.2940
   9.000   1.2812   0.01134   0.00624  -0.0629  0.0068  1.0000  -4.3593   0.0000   0.2875
   9.500   1.3109   0.01187   0.00676  -0.0582  0.0048  1.0000  -4.8747   0.0000   0.2820
  10.000   1.3416   0.01245   0.00734  -0.0538  0.0038  1.0000  -5.4192   0.0000   0.2771
  10.500   1.3716   0.01312   0.00802  -0.0496  0.0026  1.0000  -5.9806   0.0000   0.2723
  11.000   1.4017   0.01382   0.00874  -0.0456  0.0023  1.0000  -6.5659   0.0000   0.2679
  11.500   1.4304   0.01461   0.00955  -0.0415  0.0018  1.0000  -7.1629   0.0000   0.2637
  12.000   1.4569   0.01558   0.01055  -0.0374  0.0011  1.0000  -7.7399   0.0000   0.2595
  12.500   1.4845   0.01655   0.01154  -0.0337  0.0010  1.0000  -8.3772   0.0000   0.2557
  13.000   1.5100   0.01765   0.01268  -0.0300  0.0010  1.0000  -9.0157   0.0000   0.2519
  13.500   1.5314   0.01902   0.01409  -0.0260  0.0007  1.0000  -9.6165   0.0000   0.2481
  14.000   1.5494   0.02072   0.01586  -0.0219  0.0005  1.0000  -10.1291   0.0000   0.2444
  14.500   1.5666   0.02256   0.01778  -0.0182  0.0004  1.0000  -10.6916   0.0000   0.2409
  15.000   1.5815   0.02465   0.01995  -0.0146  0.0004  1.0000  -11.2532   0.0000   0.2375
  15.500   1.5939   0.02709   0.02248  -0.0113  0.0004  1.0000  -11.8058   0.0000   0.2344
  16.000   1.6033   0.02992   0.02541  -0.0083  0.0004  1.0000  -12.3397   0.0000   0.2314
  16.500   1.6098   0.03319   0.02878  -0.0056  0.0004  1.0000  -12.8524   0.0000   0.2286
  17.000   1.6133   0.03699   0.03269  -0.0034  0.0004  1.0000  -13.3396   0.0000   0.2261
  17.500   1.6129   0.04139   0.03722  -0.0017  0.0004  1.0000  -13.7896   0.0000   0.2239
  18.000   1.6091   0.04647   0.04243  -0.0006  0.0004  1.0000  -14.2024   0.0000   0.2220
  18.500   1.6004   0.05239   0.04849  -0.0002  0.0004  1.0000  -14.5580   0.0000   0.2205
  19.000   1.5878   0.05916   0.05541  -0.0004  0.0004  1.0000  -14.8623   0.0000   0.2194
  19.500   1.5689   0.06713   0.06354  -0.0017  0.0004  1.0000  -15.0817   0.0000   0.2188
  20.000   1.5449   0.07623   0.07281  -0.0038  0.0004  1.0000  -15.2288   0.0000   0.2189


