  alpha     CL        CD       CDp       Cm    Top Xtr Bot Xtr   Cpmin    Chinge    XCp    
 ------- -------- --------- --------- -------- ------- ------- -------- --------- ---------
  -5.000  -0.1647   0.00629   0.00155  -0.0829  0.7221  0.0251  -2.4602   0.0000  -0.2690
  -4.500  -0.1096   0.00612   0.00138  -0.0827  0.7034  0.0308  -2.1569   0.0000  -0.5243
  -4.000  -0.0543   0.00598   0.00122  -0.0824  0.6849  0.0370  -1.8906   0.0000  -1.3021
  -3.500   0.0012   0.00586   0.00109  -0.0822  0.6659  0.0437  -1.6353   0.0000  72.4772
  -3.000   0.0566   0.00575   0.00097  -0.0820  0.6471  0.0531  -1.3916   0.0000   1.7203
  -2.500   0.1118   0.00563   0.00087  -0.0818  0.6271  0.0703  -1.1814   0.0000   0.9901
  -2.000   0.1673   0.00557   0.00080  -0.0816  0.6067  0.0826  -0.9821   0.0000   0.7418
  -1.500   0.2225   0.00553   0.00075  -0.0814  0.5839  0.0983  -0.8087   0.0000   0.6174
  -1.000   0.2776   0.00550   0.00072  -0.0812  0.5606  0.1187  -0.6479   0.0000   0.5426
  -0.500   0.3320   0.00549   0.00071  -0.0808  0.5341  0.1484  -0.6490   0.0000   0.4926
   0.000   0.3858   0.00549   0.00072  -0.0804  0.5032  0.1907  -0.7114   0.0000   0.4568
   0.500   0.4389   0.00551   0.00077  -0.0798  0.4696  0.2440  -0.7776   0.0000   0.4297
   1.000   0.4915   0.00555   0.00084  -0.0792  0.4338  0.3073  -0.8474   0.0000   0.4084
   1.500   0.5424   0.00564   0.00095  -0.0783  0.3898  0.3883  -0.9182   0.0000   0.3911
   2.000   0.5926   0.00559   0.00108  -0.0773  0.3541  0.5234  -0.9895   0.0000   0.3767
   2.500   0.6421   0.00549   0.00124  -0.0762  0.3240  0.6781  -1.0648   0.0000   0.3644
   3.000   0.6910   0.00542   0.00141  -0.0749  0.2967  0.8115  -1.1420   0.0000   0.3536
   3.500   0.7360   0.00540   0.00164  -0.0724  0.2705  0.9493  -1.2172   0.0000   0.3432
   4.000   0.8061   0.00568   0.00185  -0.0758  0.2487  0.9852  -1.3176   0.0000   0.3383
   4.500   0.8678   0.00598   0.00204  -0.0773  0.2295  0.9923  -1.4156   0.0000   0.3328
   5.000   0.9342   0.00639   0.00232  -0.0799  0.2008  0.9967  -1.5231   0.0000   0.3288
   5.500   1.0041   0.00676   0.00257  -0.0833  0.1824  0.9987  -1.6401   0.0000   0.3257
   6.000   1.0646   0.00714   0.00286  -0.0846  0.1641  0.9995  -1.7556   0.0000   0.3216
   6.500   1.1193   0.00758   0.00317  -0.0848  0.1421  0.9999  -2.1403   0.0000   0.3173
   7.000   1.1582   0.00828   0.00367  -0.0817  0.1049  1.0000  -2.5300   0.0000   0.3115
   7.500   1.1923   0.00912   0.00429  -0.0776  0.0685  1.0000  -2.9567   0.0000   0.3054
   8.000   1.2219   0.01013   0.00509  -0.0728  0.0317  1.0000  -3.3976   0.0000   0.2993
   8.500   1.2530   0.01095   0.00580  -0.0683  0.0135  1.0000  -3.8711   0.0000   0.2935
   9.000   1.2746   0.01148   0.00631  -0.0616  0.0084  1.0000  -4.3169   0.0000   0.2867
   9.500   1.3049   0.01204   0.00686  -0.0570  0.0057  1.0000  -4.8329   0.0000   0.2814
  10.000   1.3345   0.01265   0.00749  -0.0525  0.0041  1.0000  -5.3671   0.0000   0.2763
  10.500   1.3651   0.01334   0.00817  -0.0484  0.0031  1.0000  -5.9307   0.0000   0.2717
  11.000   1.3945   0.01407   0.00892  -0.0443  0.0024  1.0000  -6.5060   0.0000   0.2672
  11.500   1.4233   0.01487   0.00975  -0.0404  0.0020  1.0000  -7.1013   0.0000   0.2630
  12.000   1.4498   0.01586   0.01076  -0.0363  0.0014  1.0000  -7.6910   0.0000   0.2589
  12.500   1.4755   0.01694   0.01189  -0.0324  0.0011  1.0000  -8.2828   0.0000   0.2549
  13.000   1.5011   0.01806   0.01304  -0.0288  0.0010  1.0000  -8.9209   0.0000   0.2512
  13.500   1.5245   0.01937   0.01439  -0.0251  0.0009  1.0000  -9.5490   0.0000   0.2476
  14.000   1.5427   0.02107   0.01614  -0.0211  0.0006  1.0000  -10.1101   0.0000   0.2440
  14.500   1.5594   0.02297   0.01811  -0.0174  0.0005  1.0000  -10.6539   0.0000   0.2405
  15.000   1.5741   0.02511   0.02034  -0.0139  0.0005  1.0000  -11.2065   0.0000   0.2372
  15.500   1.5863   0.02760   0.02293  -0.0107  0.0005  1.0000  -11.7525   0.0000   0.2340
  16.000   1.5958   0.03046   0.02589  -0.0078  0.0005  1.0000  -12.2837   0.0000   0.2311
  16.500   1.6022   0.03379   0.02932  -0.0052  0.0004  1.0000  -12.7924   0.0000   0.2284
  17.000   1.6056   0.03764   0.03329  -0.0031  0.0004  1.0000  -13.2761   0.0000   0.2259
  17.500   1.6052   0.04209   0.03786  -0.0015  0.0004  1.0000  -13.7236   0.0000   0.2237
  18.000   1.6012   0.04724   0.04315  -0.0005  0.0004  1.0000  -14.1316   0.0000   0.2219
  18.500   1.5926   0.05321   0.04926  -0.0001  0.0004  1.0000  -14.4852   0.0000   0.2204
  19.000   1.5793   0.06014   0.05634  -0.0005  0.0004  1.0000  -14.7778   0.0000   0.2194
  19.500   1.5611   0.06804   0.06440  -0.0017  0.0004  1.0000  -15.0017   0.0000   0.2189
  20.000   1.5364   0.07731   0.07384  -0.0040  0.0004  1.0000  -15.1274   0.0000   0.2191


