  alpha     CL        CD       CDp       Cm    Top Xtr Bot Xtr   Cpmin    Chinge    XCp    
 ------- -------- --------- --------- -------- ------- ------- -------- --------- ---------
  -5.000  -0.5582   0.00645   0.00191  -0.0005  0.8688  0.0702  -1.9426   0.0000   0.2430
  -4.500  -0.5031   0.00621   0.00167  -0.0003  0.8328  0.0896  -1.6837   0.0000   0.2437
  -4.000  -0.4477   0.00601   0.00147  -0.0001  0.7928  0.1117  -1.4599   0.0000   0.2442
  -3.500  -0.3924   0.00580   0.00127   0.0000  0.7495  0.1426  -1.2528   0.0000   0.2448
  -3.000  -0.3368   0.00563   0.00111   0.0001  0.7048  0.1776  -1.0691   0.0000   0.2453
  -2.500  -0.2809   0.00546   0.00097   0.0002  0.6610  0.2163  -0.9095   0.0000   0.2457
  -2.000  -0.2251   0.00531   0.00086   0.0002  0.6158  0.2598  -0.7722   0.0000   0.2461
  -1.500  -0.1690   0.00521   0.00078   0.0002  0.5700  0.3041  -0.6561   0.0000   0.2464
  -1.000  -0.1127   0.00514   0.00072   0.0001  0.5270  0.3473  -0.5594   0.0000   0.2465
  -0.500  -0.0564   0.00508   0.00068   0.0001  0.4827  0.3939  -0.4799   0.0000   0.2467
   0.000   0.0000   0.00508   0.00068  -0.0000  0.4367  0.4366  -0.4131   0.0000   0.4754
   0.500   0.0564   0.00508   0.00068  -0.0001  0.3939  0.4827  -0.4799   0.0000   0.2467
   1.000   0.1127   0.00514   0.00072  -0.0001  0.3473  0.5270  -0.5594   0.0000   0.2465
   2.000   0.2251   0.00531   0.00086  -0.0002  0.2598  0.6158  -0.7722   0.0000   0.2461
   2.500   0.2810   0.00546   0.00097  -0.0002  0.2163  0.6610  -0.9096   0.0000   0.2457
   3.000   0.3368   0.00563   0.00111  -0.0001  0.1776  0.7048  -1.0691   0.0000   0.2453
   3.500   0.3924   0.00580   0.00127  -0.0000  0.1426  0.7495  -1.2529   0.0000   0.2448
   4.000   0.4477   0.00601   0.00147   0.0001  0.1117  0.7928  -1.4599   0.0000   0.2442
   4.500   0.5032   0.00621   0.00167   0.0003  0.0896  0.8328  -1.6838   0.0000   0.2437
   5.000   0.5582   0.00645   0.00191   0.0005  0.0702  0.8688  -1.9427   0.0000   0.2430
   5.500   0.6130   0.00669   0.00216   0.0008  0.0570  0.9007  -2.2126   0.0000   0.2422
   6.000   0.6673   0.00695   0.00243   0.0012  0.0460  0.9277  -2.5122   0.0000   0.2413
   6.500   0.7210   0.00723   0.00272   0.0017  0.0387  0.9493  -2.8366   0.0000   0.2403
   7.000   0.7739   0.00755   0.00302   0.0025  0.0325  0.9673  -3.1718   0.0000   0.2391
   7.500   0.8265   0.00789   0.00335   0.0032  0.0284  0.9809  -3.5202   0.0000   0.2379
   8.000   0.8824   0.00825   0.00368   0.0031  0.0250  0.9901  -3.9237   0.0000   0.2377
   8.500   0.9419   0.00870   0.00409   0.0022  0.0211  0.9950  -4.3666   0.0000   0.2385
   9.000   1.0041   0.00910   0.00448   0.0005  0.0197  0.9969  -4.8411   0.0000   0.2396
   9.500   1.0659   0.00964   0.00498  -0.0011  0.0167  0.9983  -5.3288   0.0000   0.2406
  10.000   1.1275   0.01009   0.00543  -0.0026  0.0159  0.9996  -5.8380   0.0000   0.2413
  10.500   1.1775   0.01056   0.00589  -0.0017  0.0149  1.0000  -6.3139   0.0000   0.2397
  11.000   1.2216   0.01113   0.00644   0.0004  0.0131  1.0000  -6.7758   0.0000   0.2372
  11.500   1.2679   0.01171   0.00704   0.0021  0.0120  1.0000  -7.3039   0.0000   0.2352
  12.000   1.3166   0.01222   0.00756   0.0031  0.0118  1.0000  -7.8682   0.0000   0.2337
  12.500   1.3649   0.01279   0.00815   0.0041  0.0113  1.0000  -8.4468   0.0000   0.2323
  13.000   1.4121   0.01347   0.00884   0.0053  0.0107  1.0000  -9.0342   0.0000   0.2307
  13.500   1.4576   0.01425   0.00963   0.0066  0.0099  1.0000  -9.6252   0.0000   0.2291
  14.000   1.5012   0.01514   0.01056   0.0082  0.0090  1.0000  -10.2136   0.0000   0.2274
  14.500   1.5426   0.01612   0.01160   0.0100  0.0084  1.0000  -10.7998   0.0000   0.2254
  15.000   1.5847   0.01692   0.01243   0.0116  0.0083  1.0000  -11.4205   0.0000   0.2237
  15.500   1.6244   0.01779   0.01335   0.0135  0.0082  1.0000  -12.0381   0.0000   0.2217
  16.000   1.6577   0.01875   0.01436   0.0165  0.0081  1.0000  -12.6246   0.0000   0.2192
  16.500   1.6847   0.01989   0.01556   0.0201  0.0079  1.0000  -13.1755   0.0000   0.2162
  17.000   1.7090   0.02131   0.01705   0.0235  0.0077  1.0000  -13.7118   0.0000   0.2133
  17.500   1.7297   0.02312   0.01894   0.0266  0.0074  1.0000  -14.2257   0.0000   0.2107
  18.000   1.7458   0.02547   0.02137   0.0292  0.0071  1.0000  -14.7068   0.0000   0.2082
  18.500   1.7568   0.02855   0.02455   0.0312  0.0068  1.0000  -15.1426   0.0000   0.2060
  19.000   1.7625   0.03257   0.02868   0.0321  0.0065  1.0000  -15.5253   0.0000   0.2043
  19.500   1.7615   0.03781   0.03407   0.0318  0.0063  1.0000  -15.8398   0.0000   0.2032
  20.000   1.7508   0.04470   0.04112   0.0301  0.0061  1.0000  -16.0520   0.0000   0.2027


